2.502960 8.592000 1.202000
6.089040 0.000000 1.202000
8.592000 2.502960 1.202000
0.000000 6.089040 1.202000
11.094960 4.296000 1.202000
1.793040 12.888000 1.202000
12.888000 11.094960 1.202000
4.296000 1.793040 1.202000
6.089040 8.592000 1.202000
2.502960 0.000000 1.202000
8.592000 6.089040 1.202000
0.000000 2.502960 1.202000
1.793040 4.296000 1.202000
11.094960 12.888000 1.202000
12.888000 1.793040 1.202000
4.296000 11.094960 1.202000
4.296000 0.000000 0.000000
12.888000 8.592000 0.000000
8.592000 4.296000 0.000000
0.000000 12.888000 0.000000
8.592000 12.888000 0.000000
0.000000 4.296000 0.000000
12.888000 0.000000 0.000000
4.296000 8.592000 0.000000
4.296000 8.592000 2.404000
12.888000 0.000000 2.404000
8.592000 12.888000 2.404000
0.000000 4.296000 2.404000
8.592000 4.296000 2.404000
0.000000 12.888000 2.404000
12.888000 8.592000 2.404000
4.296000 0.000000 2.404000
5.484000 5.484000 0.000000
11.700000 11.700000 0.000000
1.206000 11.700000 0.000000
7.398000 1.206000 0.000000
7.398000 1.206000 2.404000
1.206000 11.700000 2.404000
11.700000 11.700000 2.404000
5.484000 5.484000 2.404000
11.700000 5.484000 2.404000
5.484000 11.700000 2.404000
7.398000 7.398000 2.404000
1.206000 1.206000 2.404000
1.206000 1.206000 0.000000
7.398000 7.398000 0.000000
5.484000 11.700000 0.000000
11.700000 5.484000 0.000000
15.390960 6.089040 1.202000
10.385040 1.793040 1.202000
6.807000 11.094960 1.202000
1.793040 6.807000 1.202000
10.385040 11.094960 1.202000
1.793040 15.390960 1.202000
6.807000 1.793040 1.202000
15.390960 6.807000 1.202000
1.793040 10.385040 1.202000
6.807000 6.089040 1.202000
15.390960 1.793040 1.202000
11.094960 6.807000 1.202000
6.089040 1.793040 1.202000
11.094960 10.385040 1.202000
2.502960 6.807000 1.202000
6.807000 2.502960 1.202000
11.094960 15.390960 1.202000
6.089040 6.807000 1.202000
2.502960 10.385040 1.202000
10.385040 2.502960 1.202000
15.390960 11.094960 1.202000
10.385040 6.089040 1.202000
6.807000 15.390960 1.202000
2.502960 1.793040 1.202000
15.390960 2.502960 1.202000
6.089040 10.385040 1.202000
12.888000 8.592000 2.404000
4.296000 0.000000 0.000000
12.888000 0.000000 2.404000
4.296000 8.592000 0.000000
4.296000 8.592000 2.404000
12.888000 0.000000 0.000000
8.592000 12.888000 0.000000
0.000000 4.296000 0.000000
8.592000 4.296000 2.404000
0.000000 12.888000 2.404000
12.888000 8.592000 0.000000
4.296000 0.000000 2.404000
1.206000 7.398000 2.404000
7.398000 11.700000 2.404000
5.484000 1.206000 2.404000
11.700000 7.398000 2.404000
11.700000 7.398000 0.000000
5.484000 1.206000 0.000000
7.398000 11.700000 0.000000
1.206000 7.398000 0.000000
1.206000 5.484000 2.404000
7.398000 5.484000 2.404000
5.484000 7.398000 2.404000
11.700000 1.206000 2.404000
11.700000 1.206000 0.000000
5.484000 7.398000 0.000000
7.398000 5.484000 0.000000
1.206000 5.484000 0.000000